


NEW EXPERIMENT:
params:{'n_samples': 45000, 'n_features': 1000, 'n_informative': 2, 'n_redundant': 0, 'n_repeated': 0, 'n_classes': 2, 'n_clusters_per_class': 1, 'flip_y': 0, 'weights': [0.5, 0.5], 'random_state': 17}
minibaches_size:[1000, 500, 150]
different e's:[0.01, 0.05, 0.1]

RESULTS:
Bal_rounds_e[[1, 2, 3, 4, 5, 6, 7, 8, 9, 10, 11, 12, 13, 14, 15, 16, 17, 18, 19, 20, 21, 22, 23, 24, 25, 26, 27, 28, 29, 30, 31, 32, 33, 34, 35, 36, 37, 38, 39, 40, 41, 42, 43, 44, 45, 46, 47, 48, 49, 50, 51], [1, 2, 3, 4, 5, 6, 7, 8, 9], [1, 2, 3, 4]]
Bal_acc_e[[0.6077333333333333, 0.6255333333333334, 0.6312666666666666, 0.653, 0.6615333333333333, 0.6740666666666667, 0.6793333333333333, 0.6949333333333333, 0.7023333333333334, 0.7037333333333333, 0.7036666666666667, 0.7122, 0.7166, 0.7192, 0.7222666666666666, 0.7256, 0.7352666666666666, 0.7425333333333334, 0.7422666666666666, 0.7521333333333333, 0.7544666666666666, 0.7544666666666666, 0.7579333333333333, 0.7588, 0.7618, 0.7660666666666667, 0.7622, 0.765, 0.7645333333333333, 0.7662666666666667, 0.7625333333333333, 0.7594666666666666, 0.7622666666666666, 0.764, 0.7618, 0.7632, 0.7662666666666667, 0.7668, 0.7680666666666667, 0.7667333333333334, 0.7666666666666667, 0.7604, 0.7613333333333333, 0.7592, 0.7568666666666667, 0.7526, 0.7492, 0.7498666666666667, 0.7450666666666667, 0.7406, 0.7406], [0.6077333333333333, 0.6312666666666666, 0.6615333333333333, 0.6793333333333333, 0.7036666666666667, 0.7222666666666666, 0.7425333333333334, 0.7544666666666666, 0.7544666666666666], [0.6077333333333333, 0.6615333333333333, 0.7023333333333334, 0.7023333333333334]]
Bal_rounds_b[[1, 2, 3, 4, 5, 6, 7, 8, 9, 10, 11, 12, 13, 14, 15, 16, 17, 18, 19, 20, 21, 22, 23, 24, 25, 26, 27, 28, 29, 30, 31, 32, 33, 34, 35, 36, 37, 38, 39, 40, 41, 42, 43, 44, 45, 46, 47, 48, 49, 50, 51, 52, 53, 54, 55, 56, 57, 58, 59, 60, 61, 62, 63, 64, 65, 66, 67], [1, 2, 3, 4, 5, 6, 7, 8, 9, 10, 11, 12, 13, 14, 15, 16, 17, 18, 19, 20, 21, 22, 23, 24, 25, 26, 27, 28, 29, 30, 31, 32, 33, 34, 35, 36, 37, 38, 39, 40, 41, 42, 43, 44, 45, 46, 47, 48, 49, 50, 51], [1, 2, 3, 4, 5, 6, 7, 8, 9, 10, 11, 12, 13, 14, 15, 16, 17, 18, 19, 20, 21, 22, 23, 24, 25, 26, 27, 28]]
Bal_acc_b[[0.5796, 0.5944, 0.602, 0.6174, 0.6182666666666666, 0.6243333333333333, 0.6315333333333333, 0.6404666666666666, 0.6506, 0.6551333333333333, 0.6624666666666666, 0.6676, 0.6719333333333334, 0.6798666666666666, 0.6919333333333333, 0.6964, 0.6996, 0.7019333333333333, 0.7059333333333333, 0.7050666666666666, 0.7068, 0.7098, 0.7146666666666667, 0.718, 0.7248666666666667, 0.7278, 0.7317333333333333, 0.7352, 0.7417333333333334, 0.7412666666666666, 0.7502, 0.7503333333333333, 0.7566666666666667, 0.7595333333333333, 0.7652666666666667, 0.7598, 0.7610666666666667, 0.7601333333333333, 0.7664, 0.7672, 0.7692, 0.7715333333333333, 0.7724, 0.7721333333333333, 0.7746, 0.774, 0.7741333333333333, 0.7717333333333334, 0.773, 0.7735333333333333, 0.7748666666666667, 0.7749333333333334, 0.7723333333333333, 0.7766666666666666, 0.7796, 0.7786, 0.7786666666666666, 0.7801333333333333, 0.7828666666666667, 0.7818666666666667, 0.7811333333333333, 0.7758, 0.7734, 0.7745333333333333, 0.7676, 0.7632666666666666, 0.7632666666666666], [0.6077333333333333, 0.6255333333333334, 0.6312666666666666, 0.653, 0.6615333333333333, 0.6740666666666667, 0.6793333333333333, 0.6949333333333333, 0.7023333333333334, 0.7037333333333333, 0.7036666666666667, 0.7122, 0.7166, 0.7192, 0.7222666666666666, 0.7256, 0.7352666666666666, 0.7425333333333334, 0.7422666666666666, 0.7521333333333333, 0.7544666666666666, 0.7544666666666666, 0.7579333333333333, 0.7588, 0.7618, 0.7660666666666667, 0.7622, 0.765, 0.7645333333333333, 0.7662666666666667, 0.7625333333333333, 0.7594666666666666, 0.7622666666666666, 0.764, 0.7618, 0.7632, 0.7662666666666667, 0.7668, 0.7680666666666667, 0.7667333333333334, 0.7666666666666667, 0.7604, 0.7613333333333333, 0.7592, 0.7568666666666667, 0.7526, 0.7492, 0.7498666666666667, 0.7450666666666667, 0.7406, 0.7406], [0.6798666666666666, 0.7044666666666667, 0.7148, 0.7318, 0.7429333333333333, 0.754, 0.7544, 0.7623333333333333, 0.7637333333333334, 0.763, 0.7604, 0.7580666666666667, 0.7587333333333334, 0.7600666666666667, 0.7604, 0.7638, 0.7635333333333333, 0.7649333333333334, 0.7619333333333334, 0.7601333333333333, 0.7579333333333333, 0.7527333333333334, 0.7493333333333333, 0.7459333333333333, 0.7446666666666667, 0.7406666666666667, 0.7317333333333333, 0.7317333333333333]]
UnBal_rounds_e[[1, 2, 3, 4, 5, 6, 7, 8, 9, 10, 11, 12, 13, 14, 15, 16, 17, 18, 19, 20, 21, 22, 23, 24, 25, 26, 27, 28, 29, 30, 31, 32, 33, 34, 35, 36, 37, 38], [1, 2, 3, 4, 5], [1, 2]]
UnBal_acc_e[[0.6855333333333333, 0.7157333333333333, 0.7274666666666667, 0.7328666666666667, 0.7391333333333333, 0.7489333333333333, 0.7628666666666667, 0.7637333333333334, 0.7676666666666667, 0.7777333333333334, 0.7839333333333334, 0.7943333333333333, 0.7964666666666667, 0.8054, 0.8053333333333333, 0.8105333333333333, 0.8143333333333334, 0.8152666666666667, 0.818, 0.8196, 0.8197333333333333, 0.8256666666666667, 0.8291333333333334, 0.8309333333333333, 0.8314666666666667, 0.8340666666666666, 0.8329333333333333, 0.8376, 0.84, 0.8415333333333334, 0.8416, 0.8398, 0.8401333333333333, 0.8414666666666667, 0.8381333333333333, 0.8390666666666666, 0.8385333333333334, 0.8385333333333334], [0.6855333333333333, 0.7391333333333333, 0.7676666666666667, 0.8054, 0.8054], [0.6855333333333333, 0.6855333333333333]]
UnBal_rounds_b[[1, 2, 3, 4, 5, 6, 7, 8, 9, 10, 11, 12, 13, 14, 15, 16, 17, 18, 19, 20, 21, 22, 23, 24, 25, 26, 27, 28, 29, 30, 31, 32, 33, 34, 35, 36, 37, 38, 39, 40, 41, 42, 43, 44, 45, 46], [1, 2, 3, 4, 5, 6, 7, 8, 9, 10, 11, 12, 13, 14, 15, 16, 17, 18, 19, 20, 21, 22, 23, 24, 25, 26, 27, 28, 29, 30, 31, 32, 33, 34, 35, 36, 37, 38], [1, 2, 3, 4, 5, 6, 7, 8, 9, 10, 11, 12, 13, 14, 15, 16, 17, 18, 19, 20, 21, 22, 23]]
Bal_acc_b[[0.6424666666666666, 0.6703333333333333, 0.6902666666666667, 0.6986666666666667, 0.7165333333333334, 0.7276, 0.7277333333333333, 0.7318666666666667, 0.7305333333333334, 0.7418, 0.7496666666666667, 0.7637333333333334, 0.7681333333333333, 0.7664, 0.7718666666666667, 0.7829333333333334, 0.7871333333333334, 0.7958666666666666, 0.7989333333333334, 0.8068666666666666, 0.808, 0.8109333333333333, 0.8149333333333333, 0.8172, 0.8218, 0.8208666666666666, 0.8261333333333334, 0.8300666666666666, 0.83, 0.8378, 0.8352, 0.8353333333333334, 0.8394, 0.8398666666666667, 0.8418, 0.8417333333333333, 0.8474666666666667, 0.8462666666666666, 0.8498666666666667, 0.8481333333333333, 0.8482666666666666, 0.8466666666666667, 0.8453333333333334, 0.8468666666666667, 0.8452, 0.8452], [0.6855333333333333, 0.7157333333333333, 0.7274666666666667, 0.7328666666666667, 0.7391333333333333, 0.7489333333333333, 0.7628666666666667, 0.7637333333333334, 0.7676666666666667, 0.7777333333333334, 0.7839333333333334, 0.7943333333333333, 0.7964666666666667, 0.8054, 0.8053333333333333, 0.8105333333333333, 0.8143333333333334, 0.8152666666666667, 0.818, 0.8196, 0.8197333333333333, 0.8256666666666667, 0.8291333333333334, 0.8309333333333333, 0.8314666666666667, 0.8340666666666666, 0.8329333333333333, 0.8376, 0.84, 0.8415333333333334, 0.8416, 0.8398, 0.8401333333333333, 0.8414666666666667, 0.8381333333333333, 0.8390666666666666, 0.8385333333333334, 0.8385333333333334], [0.7561333333333333, 0.7776666666666666, 0.8029333333333334, 0.8142666666666667, 0.8182666666666667, 0.827, 0.8302666666666667, 0.8366666666666667, 0.8368, 0.8384, 0.8370666666666666, 0.8396, 0.8456666666666667, 0.8485333333333334, 0.8466, 0.8478, 0.8485333333333334, 0.8489333333333333, 0.8434, 0.8405333333333334, 0.8384, 0.8332666666666667, 0.8332666666666667]]
bal_e_time[5989.266889333725, 7151.089875936508, 7355.953963756561]
bal_b_time[12727.076026678085, 5981.764124393463, 1532.6679105758667]
unbal_e_time[6339.623907804489, 7298.929909944534, 7474.057717323303]
unbal_b_time[13258.826740503311, 6330.174965143204, 1660.6466569900513]
len_real1[ 0  1  2  3  4  5  6  7  8  9 10 11 12 13 14 15 16 17 18 19 20 21 22 23
 24 25 26 27 28 29 30 31 32 33 34 35 36 37 38 39 40 41 42 43 44 45 46 47
 48 49 50 51 52 53 54 55 56 57 58 59 60 61 62 63 64 65 66 67 68 69 70 71
 72 73 74 75 76 77 78 79 80 81 82 83 84 85 86 87 88 89 90 91 92 93 94 95
 96 97 98 99]
Acc_real1[0.6603333333333333, 0.7126, 0.7324666666666667, 0.7572, 0.7830666666666667, 0.7936666666666666, 0.8037333333333333, 0.8136666666666666, 0.8138666666666666, 0.8196, 0.8286, 0.8412666666666667, 0.8489333333333333, 0.8558666666666667, 0.8594666666666667, 0.8584, 0.8596, 0.863, 0.8609333333333333, 0.8560666666666666, 0.8588666666666667, 0.8632666666666666, 0.8686, 0.8726, 0.8770666666666667, 0.8751333333333333, 0.8776, 0.8788, 0.8787333333333334, 0.8758666666666667, 0.8798666666666667, 0.8794, 0.8805333333333333, 0.8859333333333334, 0.8886666666666667, 0.8881333333333333, 0.8890666666666667, 0.8930666666666667, 0.8951333333333333, 0.8994666666666666, 0.9005333333333333, 0.9054, 0.9036666666666666, 0.9016666666666666, 0.9039333333333334, 0.9026, 0.8994666666666666, 0.903, 0.9054, 0.9045333333333333, 0.9060666666666667, 0.9060666666666667, 0.9085333333333333, 0.9046666666666666, 0.9015333333333333, 0.9022, 0.8998666666666667, 0.8975333333333333, 0.9010666666666667, 0.9022, 0.906, 0.9062666666666667, 0.9082666666666667, 0.9074, 0.9074, 0.9053333333333333, 0.9063333333333333, 0.9077333333333333, 0.9068666666666667, 0.9068, 0.9065333333333333, 0.9042, 0.9058, 0.9076666666666666, 0.9106666666666666, 0.9064666666666666, 0.9095333333333333, 0.9093333333333333, 0.9093333333333333, 0.9102, 0.9096666666666666, 0.9104666666666666, 0.9131333333333334, 0.9142666666666667, 0.9109333333333334, 0.9087333333333333, 0.9075333333333333, 0.9064666666666666, 0.9082, 0.9087333333333333, 0.9097333333333333, 0.9122666666666667, 0.9123333333333333, 0.9132666666666667, 0.9117333333333333, 0.9106666666666666, 0.9126666666666666, 0.9105333333333333, 0.9106666666666666, 0.912]
len_real2[ 0  1  2  3  4  5  6  7  8  9 10 11 12 13 14 15 16 17 18 19 20 21 22 23
 24 25 26 27 28 29 30 31 32 33 34 35 36 37 38 39 40 41 42 43 44 45 46 47
 48 49 50 51 52 53 54 55 56 57 58 59 60 61 62 63 64 65 66 67 68 69 70 71
 72 73 74 75 76 77 78 79 80 81 82 83 84 85 86 87 88 89 90 91 92 93 94 95
 96 97 98 99]
Acc_real2[0.7421333333333333, 0.7794666666666666, 0.8262, 0.8349333333333333, 0.8470666666666666, 0.859, 0.8622666666666666, 0.8658, 0.8784, 0.8848, 0.8904666666666666, 0.8885333333333333, 0.8913333333333333, 0.8941333333333333, 0.8961333333333333, 0.8992, 0.9032, 0.9056666666666666, 0.9068, 0.909, 0.9105333333333333, 0.9114, 0.9118666666666667, 0.9126666666666666, 0.9151333333333334, 0.9155333333333333, 0.9162, 0.918, 0.9182666666666667, 0.9182, 0.9190666666666667, 0.9224666666666667, 0.9234666666666667, 0.9234666666666667, 0.9258666666666666, 0.9272666666666667, 0.9298, 0.9292666666666667, 0.9301333333333334, 0.9306, 0.9317333333333333, 0.9319333333333333, 0.9326666666666666, 0.9323333333333333, 0.9337333333333333, 0.9343333333333333, 0.9346666666666666, 0.9354, 0.9352666666666667, 0.9343333333333333, 0.9344, 0.9376666666666666, 0.9363333333333334, 0.937, 0.9364666666666667, 0.937, 0.9382, 0.9397333333333333, 0.94, 0.9399333333333333, 0.9416, 0.9409333333333333, 0.941, 0.9416, 0.9415333333333333, 0.9409333333333333, 0.9413333333333334, 0.9410666666666667, 0.9418666666666666, 0.942, 0.9420666666666667, 0.9422666666666667, 0.9430666666666667, 0.9434, 0.9442, 0.9437333333333333, 0.9435333333333333, 0.9452, 0.9463333333333334, 0.9456, 0.9452, 0.9455333333333333, 0.9459333333333333, 0.9455333333333333, 0.9452, 0.9451333333333334, 0.947, 0.9465333333333333, 0.9451333333333334, 0.9452666666666667, 0.9453333333333334, 0.9458, 0.9450666666666667, 0.9447333333333333, 0.9442666666666667, 0.945, 0.9451333333333334, 0.9448, 0.9458, 0.9462]